372 0111111-0111131111

cuculum 1 coccyge A 32 defatigetur 1171111181, 10, 0
1111111 Alexandrini 303, 16 1111131 111111ΕΡ17,28
culpem 111111 magistram bi· delinitione amici ’111102 17,3
1111111182,2,123 deflorescit 01, 33, 16
111111111111103,3,11.111- (1111111822 137
1111111111 Liberi 03, 23, 14 1111111111111111111181,4,33
11111111 01,31, 10 1111111111111111112,1,131
cupressea 111111 A 332 Delphicam 1111111111 81, 6,
curculio A 17 116
11111111111111111, 16, 3 delphini circe Liberum pinge-
011111111111112, 2, 83 11111182,8,13
eumne publici 11 animalium per deminutionem 02, 8, 21
31111111111111111111111112, 3, 12, 3
2, 72 1111111111111, 17, 33
111111 urbie A1 (11101111 112, 1, 18
menen 111111311111111130 1111111101, 23, 6. 190 2, 26.
9,’1 5,.,17322.17,56.,,813
oyclho hauriebatur ex 1111111 38. 1, 3, 41
1111111103, 33 denominationes liberae apud
1 cylice calix A 32 11111102,1,1
1111111111, 20, 20 111111111111182, 3, 3
dentibus 1111111111 81, 8, 18
D· dprielgrlssolwwmilffl

(1111111111151131110111 be· 1111111111111112, 2, 213. p
rodi impositae, 11111182, 3, per derisum 81, 3, 121 1,

(11111103,8,10.1111.1111 deuinctum 11111181, 8,1.
02, 7 3 110313, 14. per Ab2

{a} 13311ἕέ 1901, 13. 11, 18. ‘geegnnoe’ uulgo dicuni 81,
(1111111102131. 81,1, 311111111171111111101,31,
133. 2, 2, 20 10.31111111111111111181
Decidium ’Saxam 03, 6, 9 1, 71

111111111111 11111 uc ‘lacere' despiceret per fenestram 0
03,12,.2 111111111111111-7,23

111111 tempore 110 17, 50 destinauerit 1113111121. 1111-
(111111111103,12,2.ΕΟ3, 1111102,1,3.1111111111(71
1. (11111111111111101, 1, 23 02,18,13

1111111111 111111181311111111111013, 3,18

33, 66 1111111111Ηο1111111 111111’ ei ’11 ‘audies' El, 19,
11111111111111182, 3, 33 33 et 1113111111

(1111111101, 13, 27 deuorctricec puerorum 111111
(1111111111111102,13,17 111, 13, 10

decuriatum membrum uiriles diaeresis ΕΟ 13, 33

1, 3, 63 dialecto 1111111102, 13, 23.
11313111 rostrorum 62, 2, 44 3, 30, 13. 4, 3, 10. 4, 3, 11

dedicationem 1111111101, 30,1 1111031111 11111313) 82,3,187

 

