INDEX AUCTORUM:

amffizzm
6660166
1111667101, 13,6
:fflffl0469
:fflwsszzwa
1661666146
1666166
1660166
16υο166
117660666
; 6666616
6660166
6ωιω66
:AQMffizmw

' 6666116 ’

66601664
6666116
4m2oem
6660166
66υ6166
6666116
66601161
1Ὴ6ῃο116
1610166
16εο661
16ιο116
16εΕμηῃ
1666166
1ωιω63

365

8138111039
8, 2151Εο 2, 26
8,2911Ε2,1,11
8,3611Ε1,7,48
8,3641Ἐ2,2,111
6403101111
8,6.38 E·1‚ 16 49
4101412 Ε2,1,143
8,7201’0865
8,7541Εο5,75
AIX‚26:EO 16, 59
9, 1152E1, 14, 22
9,141101,21,3
9,156;11016,15
9,412182,1,14
9,448103,30,8
9,478181,1,5
9,668103,7,7
12,407101,9,1
ΑΧ,116181,8,43
10, 513104, 14, 31
10, 8141110 13, 15
ΑΧΙ,480181,1,5
”11, 6951 Ἐ1, 11, 28
ΑΧ11,119 ’01 2,1
12100 Sl,
12 407 ’1,0
12 634 ἘΙ
12 694 82,

2
2,
19,
1,3,
3,

98
1
32
312

16ῃ1116 mmw1wmssi1waen

7,(117201,713. 2,,6·5
7,1769 Ο4,,725
7,799101;;525

11111,13;61,11,6
8,1031 ·J}01105

111616,661
166 466 ffi1
31.1,16 1,16 11, 66.
61,1Ή611,161,6
1Ε1ᾞΠ16,

IJnd-ex uerborum.

1 61161611ο,1661111, 666611·
bili, apersona 111111 116111116-
(1616111, 18, 49 sq 616
ipso consecrarit Ο 1, 30,1.
6 semet :psis 116166161666-

sita E 1, 1, 82. minorem 65
66111, 17, 21. 6061111618
166116661
11163. 65316166 1116 riuo
non sine nomine (?) E 1, 16,

 

