'364 INDEX 4884844844.

1408418801, 3,1. Quintus 4512403, 13, 18
Uariu1E1,4,3 2‚546:E1‚2, 32
Uarro ΕΟ 48, 48. 84, 8, 48. 04448404, 444
444. 4, 8, 48. Ε4, 8, 4, 8,4884048,8
8, 488404 48, 44
4488404844
Β88.,11462,4,34 3,3284Εο3,36
484 ·,Εο844 88884Εο48,48.848,44
Β 4Εο4’4,8 8488404484
Εο8,’4 844448404448
-04’44,8 4,4884Εο4,48
0'2, 63 4, 356 :E1‚ 16, 31
4,’8,48 4848404448
4 48 4, 484484, 8, 48

2'·1
2,10:
2,:11
Ε’466
3,9:
63⁸7
1,

Uerg. 41844 Ι, 6 4 01, 12, 21

·Ε
0
·Ε
8 4 8484 4844484444
4Ε
4Ε 4, 88 4Εο 48, 48

0
Ξ 4,8,4’88 4444484444
03,

8, 444484444
4’, 44844848, 88
4’ 4, 448 4 Ε 4, 48, 44
4, 4488404 4, 88
0 1’, 1, 444 40 4, 4, 88. ΕΟ 48, 88
4,’ 4, 488 = Ε 4, 4, 488
08, 1, 484404, 448

ΦΈΦω-ᾷωῗθθῇῗσῗ

8, 44884048, 48
4,, 48444848, 88
4” 48884048, 48
4, 44444848, 44

4, 888 4 0 8, 8, 44
,4 4, 884 4 Εο 48, 4
,48 4, 888 4 0 4, 48, 44
,8

ωφφωψωφωωωῇςφωνοι
»βωφ μΟἾΕΟΦ-ΊωΙΦΙΩὗ-*Φίῥςιῧῖω

Ι, 40

40
40
40
40
40
4Ε
40
4Ε
,Ε
·Ε
:E
40

00 OEOb* ‘q

1662·S1,1,10
1,663· ΕΟ 11 56

Ηι-ι-ιι-ιμ-

40
40
,346
34Δ
40
40

ΦΘῙ

1,’
1,
1,
1,
2,’
1,’ 4”
1, 3,,
1, 3,1’1,513

1, 342: ·:01 4, ’11

4, 84880 4, 48 ,
488840444444448 A ,

4488404448

GH,36:S2,2,66

4, 84 4Εο 48, 48

4, 4844Εο 448

4, 48440444404,
48, 8. 4844
’ 4484404448

ωΦΟωΦΦε-ςεςιωοοωω

ΒΖ)

 

